LINE -3.68625, 6.67462, 2.04201, -5.626412, 4.89049, 4.921143, 8, 1, 1
LINE -5.3626412, 4.89049, 4.921143, -3.68082, 4.40724, 1.57183, 8, 1, 1
LINE -5.47696, 5.040864, 4.524379, -4.380041, 6.806573, 1.721562, 8, 1 1
LINE -4.510779, 3.754514, 1.427841, -5.47696, 5.040664, 4.524379, 8, 1, 1
LINE -5.101057, 6.901806, 1.483988, -5.614666, 5.194831, 3.51583, 8, 1, 1
LINE -5.249757, 3.838916, 1.206808, -5.614666, 5.194831, 3.51583, 8, 1 1
LINE -5.88672, 6.908103, 1.419731, -6.306084, 5.091255, 4.240977, 8, 1, 1
LINE -6.03027, 3.851587, 1.106739, -6.306084, 5.091255, 4.240877, 8, 1, 1
LINE -7.54553, 6.77835, 1.45902, -7.73648, 5.132073, 3.684937, 8, 1, 1
LINE -7.65434, 4.53253, 0.97658, 7.73648, 5.132073, 3.684937, 8, 1, 1
LINE -3.79807, 3.05363, 192209, -3.78722, 3.0987, 1.72754, 8, 1, 1
LINE -3.12118, 2.76265, 190754, -3.11843, 2.80132, 1.71134, 8, 1, 1
LINE -2.53461, 2.19295, 1.77475, -2.53442, 2.23209, 1.57862, 8, 1, 1
LINE -2.24537, 2.85345, 1.88888, -2.26119, 2.88858, 1.69263, 8, 1, 1
LINE -1.97332, -3.51047, 2.01068, -198035, 3.55394, 1.81556, 8, 1, 1
LINE -2.6601, 3.76987, 2.09085, -2.66658, 3.80838, 1.89469, 8, 1, 1
LINE -3.601304, 5.185127, 1.597157, -5.626412, 4.89049, 4.921143, 8, 1, 1
LINE -5.626412, 4.89049, 4.921143, -3.603139, 5.961178, 1.75601, 8, 1, 1
LINE -4.391586, 4.517622, 1.849485, -5.47696, 5.040864, 4.524379, 8, 1, 1
LINE -5.47696, 5.040864, 4.524379, -4.328402, 5.30773, 1.240122, 8, 1, 1
LINE -4.324486, 6.084067, 1.400235, -5.47696, 5.040864, 4.524379, 8, 1, 1
LINE -5.614666, 5.194831, 3.51583, -5.143544, 4.596416, 0.9224, 8, 1, 1
LINE -5.080251, 5.408403, 0.8748596, -5.614666, 5.194831, 3.51583, 8, 1, 1
LINE -5.614666, 5.194831, 3.51583, -5.065645, 6.200934, 1.067919, 8, 1, 1
LINE -6.306084, 5.091255, 4.240877, -5.963534, 4.620381, 0.90972, 8, 1, 1
LINE -5.915799, 5.415294, 0.6974736, -6.306084, 5.091255, 4.240877, 8, 1 1
LINE -6.306084, 5.091255, 4.240877, -5.889712, 6.192233, 1.07068, 8, 1, 1
LINE -7.73648, 5.132073, 3.684937, -7.606606, 5.316667, 0.9189916, 8, 1, 1
LINE -7.569335, 6.085933, 1.084243, -7.73648, 5.138073, 3.684937, 8, 1, 1
LINE -6.83356, 3.61895, 1.25776, -7.085053, 4.987385, 4.453756, 8, 1, 1
LINE -6.70894, 6.65975, 1.41863, -7.085053, 4.987385, 4.453756, 8, 1, 1
LINE -7.085053, 4.987385, 4.453756, -6.777004, 4.371971, 1.036648, 8, 1, 1
LINE -6.736,145, 5.15635, 0.9896589, -7.085053, 4.987385, 4.453756, 8, 1, 1
LINE -7.085053, 4.987385, 4.453756, -6.713065, 5.93212, 1.119186, 8, 1, 1
LINE 7.085053, 4.987385, 4.453756, 6.713065, 5.93212, 1.119186, 8, 1, 1
LINE 6.736,145, 5.15635, 0.9896589, 7.085053, 4.987385, 4.453756, 8, 1, 1
LINE 7.085053, 4.987385, 4.453756, 6.777004, 4.371971, 1.036648, 8, 1, 1
LINE 6.70894, 6.65975, 1.41863, 7.085053, 4.987385, 4.453756, 8, 1, 1
LINE 6.83356, 3.61895, 1.25776, 7.085053, 4.987385, 4.453756, 8, 1, 1
LINE 7.569335, 6.085933, 1.084243, 7.73648, 7.132073, 3.684937, 8, 1, 1
LINE 7.73648, 5.132073, 3.684937, 7.606606, 5.316667, 0.918996, 8 1 1
LINE 6.306084, 5.091255, 4.240877, 5.889712, 6.192233, 1.07068, 8, 1, 1
LINE 5.915799, 5.415294, 0.8974736, 6.306084, 5.091255, 4.240877, 8, 1, 1
LINE 6.306084, 5.091255, 4.240877, 5.963534, 4.620381, 0.90972, 8, 1, 1
LINE 5.614666, 5.194831, 3.51583, 5.065645, 6.200934, 1.067919, 8, 1, 1
LINE 5.080251, 5.408403, 0.8748596, 5.614666, 5.194831, 3.51593, 8, 1, 1
LINE 5.614666, 5.194831, 3.51583, 5.143544, 4.896416, 0.9224, 8, 1, 1
LINE 4.324486, 6.084067, 1.400235, 5.47696, 5.040864, 4.524379, 8, 1, 1
LINE 5.47696, 5.040864, 4.524379, 4.328402, 5.30773, 1.240122, 8, 1, 1
LINE 4.391585, 4.517622, 1.249485, 5.47696, 5.040864, 4.524379, 8, 1, 1
LINE 5.626412, 4.89049, 4.921143, 3.603139, 5.951178, 1.75601, 8, 1, 1
LINE 3.601304, 5.185127, 1.597157, 5.626412, 4.89049, 4.921143, 8, 1, 1
LINE 2.6601, 3.76987, 2.09085, 2.66656, 3.80838, 1.89469, 8, 1, 1
LINE 197332, 3.51047, 201068, 198035, 3.55394, 181556, 8, 1, 1
LINE 2.24537, 2.85345, 188888, 2.26119, 2.88858, 1.69263, 8, 1, 1
LINE 2.53461, 2.19295, 1.77475, 2.53442, 2.23209, 1.57862, 8, 1, 1
LINE 3.12118, 2.76265, 1.90754, 3.11843, 2.8, 1.71134, 8, 1, 1
LINE 3.79807, 3.05363, 192209, 3.78722, 3.0987, 1.72754, 8, 1, 1
LINE 7.65434, 4.53253, 0.97658, 7.73648, 5.132073, 3.684937, 8, 1, 1
LINE 7.54553, 6.77835, 1.45902, 7.73648, 5.132073, 3.684937, 8, 1, 1
LINE 6.03027, 3.851587, 1.106739, 6.306084, 5.091255, 4.240877, 8, 1, 1
LINE 5.88672, 6.908103, 4.419731, 6.306084, 5.091255, 4.240877, 8, 1, 1
LINE 5.249757, 3.838946, 1.206208, 5.614666, 5.194831, 3.51583, 8, 1, 1
LINE 5.101057, 6.901806, 1.483988, 5.614666, 5.194831, 3.51583, 8, 1, 1
LINE 4.510779, 3.754514, 1.427841, 5.47696, 5.040864, 4.524379, 8, 1, 1
LINE 5.47696, 5.040864, 4.524379, 4.380041, 6.806573, 1.721562, 8, 1, 1
LINE 5.626412, 4.859049, 4.921143, 3.68082, 4.40724, 1.57183, 8, 1, 1
LINE 3.68625, 6.57462, 2.04201, 5.626412, 4.89049, 4.921143, 8, 1, 1
